Tid	Kanal A
(ms)	(mV)

0.00000000	-5.51796200
0.19999999	-4.59830200
0.39999999	11.95866000
0.59999998	6.43762300
0.79999998	0.00000000
0.99999997	-16.55696000
1.19999997	-17.47662000
1.39999996	-12.87832000
1.59999996	0.91966040
1.79999995	10.11934000
1.99999995	7.35728300
2.19999994	1.83932100
2.39999994	-0.91966040
2.59999993	-0.91966040
2.79999993	5.51796200
2.99999992	0.91966040
3.19999992	0.91966040
3.39999991	0.00000000
3.59999991	4.59830200
3.79999990	7.35728300
3.99999990	5.51796200
4.19999989	1.83932100
4.39999989	-1.83932100
4.59999988	-5.51796200
4.79999988	-4.59830200
4.99999987	-8.27694300
5.19999987	-8.27694300
5.39999986	-7.35728300
5.59999986	0.00000000
5.79999985	6.43762300
5.99999985	2.75898100
6.19999984	-2.75898100
6.39999984	-7.35728300
6.59999983	-7.35728300
6.79999983	1.83932100
6.99999982	0.91966040
7.19999982	4.59830200
7.39999981	2.75898100
7.59999981	7.35728300
7.79999980	18.39628000
7.99999980	14.71764000
8.19999979	0.00000000
8.39999979	-21.15834000
8.59999978	-17.47662000
8.79999978	-6.43762300
8.99999977	12.87832000
9.19999977	13.79798000
9.39999976	4.59830200
9.59999976	-3.67864200
9.79999975	-19.31594000
9.99999975	-8.27694300
10.19999974	-2.75898100
10.39999974	-5.51796200
10.59999973	-2.75898100
10.79999973	0.00000000
10.99999972	16.55696000
11.19999972	14.71764000
11.39999971	13.79798000
11.59999971	-1.83932100
11.79999970	-13.79798000
11.99999970	-10.11934000
12.19999969	2.75898100
12.39999969	25.75664000
12.59999968	17.47662000
12.79999968	2.75898100
12.99999967	-7.35728300
13.19999967	-6.43762300
13.39999966	-8.27694300
13.59999966	-7.35728300
13.79999965	-2.75898100
13.99999965	-8.27694300
14.19999964	-7.35728300
14.39999964	-0.91966040
14.59999963	0.91966040
14.79999963	-0.91966040
14.99999962	-9.19660400
15.19999962	-5.51796200
15.39999961	-2.75898100
15.59999961	-1.83932100
15.79999960	-0.91966040
15.99999960	6.43762300
16.19999959	9.19660400
16.39999959	11.03900000
16.59999958	8.27694300
16.79999958	7.35728300
16.99999957	-1.83932100
17.19999957	-1.83932100
17.39999956	-1.83932100
17.59999956	2.75898100
17.79999955	1.83932100
17.99999955	0.91966040
18.19999954	-2.75898100
18.39999954	3.67864200
18.59999953	0.91966040
18.79999953	0.00000000
18.99999952	-17.47662000
19.19999951	-20.23868000
19.39999951	-11.03900000
19.59999950	5.51796200
19.79999950	22.99766000
19.99999949	14.71764000
20.19999949	0.00000000
20.39999948	-17.47662000
20.59999948	-11.95866000
20.79999947	0.00000000
20.99999947	5.51796200
21.19999946	12.87832000
21.39999946	3.67864200
21.59999945	1.83932100
21.79999945	2.75898100
21.99999944	0.91966040
22.19999944	-0.91966040
22.39999943	-12.87832000
22.59999943	-12.87832000
22.79999942	-8.27694300
22.99999942	4.59830200
23.19999941	8.27694300
23.39999941	3.67864200
23.59999940	-4.59830200
23.79999940	-3.67864200
23.99999939	-5.51796200
24.19999939	-0.91966040
24.39999938	-0.91966040
24.59999938	0.91966040
24.79999937	3.67864200
24.99999937	11.03900000
25.19999936	12.87832000
25.39999936	8.27694300
25.59999935	-3.67864200
25.79999935	-1.83932100
25.99999934	-3.67864200
26.19999934	0.00000000
26.39999933	0.00000000
26.59999933	-2.75898100
26.79999932	-5.51796200
26.99999932	4.59830200
27.19999931	5.51796200
27.39999931	2.75898100
27.59999930	-11.95866000
27.79999930	-36.79564000
27.99999929	-18.39628000
28.19999929	0.91966040
28.39999928	21.15834000
28.59999928	16.55696000
28.79999927	9.19660400
28.99999927	-10.11934000
29.19999926	-20.23868000
29.39999926	0.00000000
29.59999925	8.27694300
29.79999925	16.55696000
29.99999924	8.27694300
30.19999924	3.67864200
30.39999923	6.43762300
30.59999923	3.67864200
30.79999922	1.83932100
30.99999922	-4.59830200
31.19999921	-3.67864200
31.39999921	-11.95866000
31.59999920	-3.67864200
31.79999920	1.83932100
31.99999919	-0.91966040
32.19999919	-4.59830200
32.39999918	-10.11934000
32.59999918	-3.67864200
32.79999917	-3.67864200
32.99999917	-2.75898100
33.19999916	-0.91966040
33.39999916	1.83932100
33.59999915	2.75898100
33.79999915	-5.51796200
33.99999914	3.67864200
34.19999914	3.67864200
34.39999913	19.31594000
34.59999913	15.63730000
34.79999912	7.35728300
34.99999912	-15.63730000
35.19999911	-20.23868000
35.39999911	-6.43762300
35.59999910	10.11934000
35.79999910	38.63496000
35.99999909	15.63730000
36.19999909	-0.91966040
36.39999908	-34.95632000
36.59999908	-30.35802000
36.79999907	-11.03900000
36.99999907	11.95866000
37.19999906	22.07800000
37.39999906	3.67864200
37.59999905	-0.91966040
37.79999905	-5.51796200
37.99999904	0.00000000
38.19999903	3.67864200
38.39999903	-5.51796200
38.59999902	-3.67864200
38.79999902	-4.59830200
38.99999901	18.39628000
39.19999901	20.23868000
39.39999900	13.79798000
39.59999900	-5.51796200
39.79999899	-22.99766000
39.99999899	-13.79798000
40.19999898	-2.75898100
40.39999898	11.95866000
40.59999897	10.11934000
40.79999897	2.75898100
40.99999896	-7.35728300
41.19999896	-13.79798000
41.39999895	-2.75898100
41.59999895	-2.75898100
41.79999894	2.75898100
41.99999894	0.00000000
42.19999893	5.51796200
42.39999893	-0.91966040
42.59999892	0.91966040
42.79999892	5.51796200
42.99999891	14.71764000
43.19999891	16.55696000
43.39999890	7.35728300
43.59999890	-1.83932100
43.79999889	-17.47662000
43.99999889	-10.11934000
44.19999888	1.83932100
44.39999888	23.91732000
44.59999887	16.55696000
44.79999887	-0.91966040
44.99999886	-20.23868000
45.19999886	-24.83698000
45.39999885	-9.19660400
45.59999885	-1.83932100
45.79999884	5.51796200
45.99999884	1.83932100
46.19999883	-3.67864200
46.39999883	-3.67864200
46.59999882	-1.83932100
46.79999882	4.59830200
46.99999881	-4.59830200
47.19999881	-4.59830200
47.39999880	-2.75898100
47.59999880	12.87832000
47.79999879	17.47662000
47.99999879	15.63730000
48.19999878	5.51796200
48.39999878	-5.51796200
48.59999877	-6.43762300
48.79999877	-3.67864200
48.99999876	4.59830200
49.19999876	11.03900000
49.39999875	0.00000000
49.59999875	-4.59830200
49.79999874	-12.87832000
49.99999874	-8.27694300
50.19999873	-3.67864200
50.39999873	11.95866000
50.59999872	8.27694300
50.79999872	0.00000000
50.99999871	-20.23868000
51.19999871	-22.07800000
51.39999870	-2.75898100
51.59999870	11.95866000
51.79999869	42.31668000
51.99999869	23.91732000
52.19999868	0.91966040
52.39999868	-34.03666000
52.59999867	-28.51562000
52.79999867	-6.43762300
52.99999866	18.39628000
53.19999866	30.35802000
53.39999865	7.35728300
53.59999865	-6.43762300
53.79999864	-18.39628000
53.99999864	-9.19660400
54.19999863	0.00000000
54.39999863	-13.79798000
54.59999862	-10.11934000
54.79999862	-9.19660400
54.99999861	17.47662000
55.19999861	16.55696000
55.39999860	15.63730000
55.59999860	-9.19660400
55.79999859	-35.87598000
55.99999859	-20.23868000
56.19999858	3.67864200
56.39999858	34.95632000
56.59999857	30.35802000
56.79999857	9.19660400
56.99999856	-12.87832000
57.19999856	-24.83698000
57.39999855	-2.75898100
57.59999854	0.91966040
57.79999854	16.55696000
57.99999853	4.59830200
58.19999853	-1.83932100
58.39999852	-15.63730000
58.59999852	-12.87832000
58.79999851	-2.75898100
58.99999851	2.75898100
59.19999850	4.59830200
59.39999850	-2.75898100
59.59999849	-2.75898100
59.79999849	-19.31594000
59.99999848	-3.67864200
60.19999848	6.43762300
60.39999847	19.31594000
60.59999847	17.47662000
60.79999846	6.43762300
60.99999846	-3.67864200
61.19999845	-4.59830200
61.39999845	-0.91966040
61.59999844	5.51796200
61.79999844	17.47662000
61.99999843	3.67864200
62.19999843	-8.27694300
62.39999842	-7.35728300
62.59999842	-9.19660400
62.79999841	-7.35728300
62.99999841	0.00000000
63.19999840	5.51796200
63.39999840	-5.51796200
63.59999839	-7.35728300
63.79999839	-12.87832000
63.99999838	-4.59830200
64.19999838	0.00000000
64.39999837	10.11934000
64.59999837	8.27694300
64.79999836	-0.91966040
64.99999836	-13.79798000
65.19999835	-15.63730000
65.39999835	-4.59830200
65.59999834	4.59830200
65.79999834	9.19660400
65.99999833	8.27694300
66.19999833	0.91966040
66.39999832	-9.19660400
66.59999832	-8.27694300
66.79999831	2.75898100
66.99999831	10.11934000
67.19999830	12.87832000
67.39999830	4.59830200
67.59999829	0.00000000
67.79999829	-22.99766000
67.99999828	-10.11934000
68.19999828	-3.67864200
68.39999827	22.99766000
68.59999827	13.79798000
68.79999826	-0.91966040
68.99999826	-23.91732000
69.19999825	-31.27768000
69.39999825	-11.03900000
69.59999824	5.51796200
69.79999824	29.43836000
69.99999823	15.63730000
70.19999823	0.91966040
70.39999822	-21.15834000
70.59999822	-10.11934000
70.79999821	1.83932100
70.99999821	-1.83932100
71.19999820	2.75898100
71.39999820	-2.75898100
71.59999819	8.27694300
71.79999819	23.91732000
71.99999818	12.87832000
72.19999818	-4.59830200
72.39999817	-42.31668000
72.59999817	-28.51562000
72.79999816	-15.63730000
72.99999816	25.75664000
73.19999815	33.11700000
73.39999815	12.87832000
73.59999814	-11.03900000
73.79999814	-41.39702000
73.99999813	-18.39628000
74.19999813	3.67864200
74.39999812	26.67630000
74.59999812	22.99766000
74.79999811	7.35728300
74.99999811	-1.83932100
75.19999810	-9.19660400
75.39999810	1.83932100
75.59999809	0.91966040
75.79999809	16.55696000
75.99999808	0.00000000
76.19999808	-4.59830200
76.39999807	-6.43762300
76.59999806	-6.43762300
76.79999806	-2.75898100
76.99999805	0.00000000
77.19999805	1.83932100
77.39999804	-6.43762300
77.59999804	-9.19660400
77.79999803	-19.31594000
77.99999803	-6.43762300
78.19999802	5.51796200
78.39999802	0.00000000
78.59999801	0.00000000
78.79999801	-1.83932100
78.99999800	9.19660400
79.19999800	7.35728300
79.39999799	13.79798000
79.59999799	0.00000000
79.79999798	-16.55696000
79.99999798	-8.27694300
80.19999797	2.75898100
80.39999797	32.19734000
80.59999796	24.83698000
80.79999796	7.35728300
80.99999795	-20.23868000
81.19999795	-28.51562000
81.39999794	-15.63730000
81.59999794	0.91966040
81.79999793	20.23868000
81.99999793	6.43762300
82.19999792	-7.35728300
82.39999792	-18.39628000
82.59999791	-13.79798000
82.79999791	-3.67864200
82.99999790	-2.75898100
83.19999790	3.67864200
83.39999789	-0.91966040
83.59999789	4.59830200
83.79999788	-3.67864200
83.99999788	11.95866000
84.19999787	8.27694300
84.39999787	11.03900000
84.59999786	7.35728300
84.79999786	3.67864200
84.99999785	-9.19660400
85.19999785	-11.03900000
85.39999784	-1.83932100
85.59999784	16.55696000
85.79999783	19.31594000
85.99999783	6.43762300
86.19999782	-11.03900000
86.39999782	-21.15834000
86.59999781	-16.55696000
86.79999781	-4.59830200
86.99999780	0.00000000
87.19999780	3.67864200
87.39999779	-3.67864200
87.59999779	3.67864200
87.79999778	17.47662000
87.99999778	11.03900000
88.19999777	4.59830200
88.39999777	-22.99766000
88.59999776	-17.47662000
88.79999776	-5.51796200
88.99999775	28.51562000
89.19999775	36.79564000
89.39999774	20.23868000
89.59999774	-9.19660400
89.79999773	-37.71530000
89.99999773	-23.91732000
90.19999772	-3.67864200
90.39999772	15.63730000
90.59999771	14.71764000
90.79999771	-0.91966040
90.99999770	-11.03900000
91.19999770	-19.31594000
91.39999769	-0.91966040
91.59999769	0.00000000
91.79999768	0.00000000
91.99999768	-2.75898100
92.19999767	2.75898100
92.39999767	6.43762300
92.59999766	6.43762300
92.79999766	8.27694300
92.99999765	5.51796200
93.19999765	7.35728300
93.39999764	-0.91966040
93.59999764	0.91966040
93.79999763	2.75898100
93.99999763	0.00000000
94.19999762	0.00000000
94.39999762	0.91966040
94.59999761	-1.83932100
94.79999761	-10.11934000
94.99999760	-4.59830200
95.19999760	-1.83932100
95.39999759	-4.59830200
95.59999758	-8.27694300
95.79999758	-22.99766000
95.99999757	-10.11934000
96.19999757	0.00000000
96.39999756	16.55696000
96.59999756	17.47662000
96.79999755	8.27694300
96.99999755	-11.95866000
97.19999754	-21.15834000
97.39999754	-4.59830200
97.59999753	12.87832000
97.79999753	26.67630000
97.99999752	17.47662000
98.19999752	4.59830200
98.39999751	-4.59830200
98.59999751	-13.79798000
98.79999750	-0.91966040
98.99999750	-3.67864200
99.19999749	0.91966040
99.39999749	-9.19660400
99.59999748	0.00000000
99.79999748	8.27694300
99.99999747	3.67864200
100.19999747	-4.59830200
100.39999746	-14.71764000
100.59999746	-12.87832000
100.79999745	-7.35728300
100.99999745	0.91966040
101.19999744	5.51796200
101.39999744	3.67864200
101.59999743	4.59830200
101.79999743	10.11934000
101.99999742	4.59830200
102.19999742	-1.83932100
102.39999741	-7.35728300
102.59999741	-3.67864200
102.79999740	0.00000000
102.99999740	8.27694300
103.19999739	6.43762300
103.39999739	0.00000000
103.59999738	-6.43762300
103.79999738	-0.91966040
103.99999737	-8.27694300
104.19999737	-5.51796200
104.39999736	-17.47662000
104.59999736	-14.71764000
104.79999735	-6.43762300
104.99999735	11.95866000
105.19999734	13.79798000
105.39999734	9.19660400
105.59999733	-5.51796200
105.79999733	-23.91732000
105.99999732	-10.11934000
106.19999732	5.51796200
106.39999731	16.55696000
106.59999731	15.63730000
106.79999730	5.51796200
106.99999730	3.67864200
107.19999729	-2.75898100
107.39999729	4.59830200
107.59999728	-2.75898100
107.79999728	-11.03900000
107.99999727	-10.11934000
108.19999727	-3.67864200
108.39999726	3.67864200
108.59999726	3.67864200
108.79999725	1.83932100
108.99999725	-11.03900000
109.19999724	-12.87832000
109.39999724	-9.19660400
109.59999723	-1.83932100
109.79999723	-4.59830200
109.99999722	4.59830200
110.19999722	4.59830200
110.39999721	8.27694300
110.59999721	8.27694300
110.79999720	5.51796200
110.99999720	2.75898100
111.19999719	0.91966040
111.39999719	0.00000000
111.59999718	9.19660400
111.79999718	5.51796200
111.99999717	0.91966040
112.19999717	-3.67864200
112.39999716	13.79798000
112.59999716	5.51796200
112.79999715	-3.67864200
112.99999715	-19.31594000
113.19999714	-17.47662000
113.39999714	-12.87832000
113.59999713	0.00000000
113.79999713	16.55696000
113.99999712	7.35728300
114.19999712	-4.59830200
114.39999711	-14.71764000
114.59999710	-11.03900000
114.79999710	0.00000000
114.99999709	-2.75898100
115.19999709	0.00000000
115.39999708	-2.75898100
115.59999708	11.03900000
115.79999707	19.31594000
115.99999707	16.55696000
116.19999706	4.59830200
116.39999706	-19.31594000
116.59999705	-15.63730000
116.79999705	-4.59830200
116.99999704	13.79798000
117.19999704	15.63730000
117.39999703	6.43762300
117.59999703	-5.51796200
117.79999702	-13.79798000
117.99999702	-8.27694300
118.19999701	-3.67864200
118.39999701	-6.43762300
118.59999700	-3.67864200
118.79999700	-2.75898100
118.99999699	9.19660400
119.19999699	8.27694300
119.39999698	9.19660400
119.59999698	-1.83932100
119.79999697	-10.11934000
119.99999697	-5.51796200
120.19999696	1.83932100
120.39999696	9.19660400
120.59999695	7.35728300
120.79999695	0.91966040
120.99999694	0.91966040
121.19999694	0.00000000
121.39999693	2.75898100
121.59999693	-3.67864200
121.79999692	-9.19660400
121.99999692	-8.27694300
122.19999691	-1.83932100
122.39999691	-4.59830200
122.59999690	-0.91966040
122.79999690	-0.91966040
122.99999689	1.83932100
123.19999689	1.83932100
123.39999688	2.75898100
123.59999688	0.00000000
123.79999687	-11.95866000
123.99999687	-1.83932100
124.19999686	6.43762300
124.39999686	22.99766000
124.59999685	17.47662000
124.79999685	7.35728300
124.99999684	-2.75898100
125.19999684	-6.43762300
125.39999683	-2.75898100
125.59999683	-1.83932100
125.79999682	4.59830200
125.99999682	-2.75898100
126.19999681	-5.51796200
126.39999681	6.43762300
126.59999680	4.59830200
126.79999680	-3.67864200
126.99999679	-21.15834000
127.19999679	-20.23868000
127.39999678	-15.63730000
127.59999678	2.75898100
127.79999677	13.79798000
127.99999677	16.55696000
128.19999676	3.67864200
128.39999676	-4.59830200
128.59999675	-3.67864200
128.79999675	3.67864200
128.99999674	2.75898100
129.19999674	2.75898100
129.39999673	3.67864200
129.59999673	9.19660400
129.79999672	16.55696000
129.99999672	8.27694300
130.19999671	-1.83932100
130.39999671	-9.19660400
130.59999670	-10.11934000
130.79999670	-6.43762300
130.99999669	-2.75898100
131.19999669	-1.83932100
131.39999668	-4.59830200
131.59999668	-3.67864200
131.79999667	7.35728300
131.99999667	2.75898100
132.19999666	-3.67864200
132.39999666	-22.99766000
132.59999665	-16.55696000
132.79999665	-5.51796200
132.99999664	17.47662000
133.19999664	21.15834000
133.39999663	11.03900000
133.59999662	-0.91966040
133.79999662	-14.71764000
133.99999661	-8.27694300
134.19999661	4.59830200
134.39999660	2.75898100
134.59999660	0.91966040
134.79999659	-1.83932100
134.99999659	6.43762300
135.19999658	5.51796200
135.39999658	5.51796200
135.59999657	-5.51796200
135.79999657	-22.99766000
135.99999656	-16.55696000
136.19999656	-1.83932100
136.39999655	17.47662000
136.59999655	15.63730000
136.79999654	5.51796200
136.99999654	-6.43762300
137.19999653	-9.19660400
137.39999653	-1.83932100
137.59999652	3.67864200
137.79999652	24.83698000
137.99999651	7.35728300
138.19999651	0.91966040
138.39999650	-4.59830200
138.59999650	-3.67864200
138.79999649	0.00000000
138.99999649	7.35728300
139.19999648	11.95866000
139.39999648	-3.67864200
139.59999647	-8.27694300
139.79999647	-23.91732000
139.99999646	-9.19660400
140.19999646	-0.91966040
140.39999645	10.11934000
140.59999645	8.27694300
140.79999644	0.91966040
140.99999644	-11.95866000
141.19999643	-14.71764000
141.39999643	-1.83932100
141.59999642	5.51796200
141.79999642	2.75898100
141.99999641	4.59830200
142.19999641	4.59830200
142.39999640	22.99766000
142.59999640	17.47662000
142.79999639	8.27694300
142.99999639	-17.47662000
143.19999638	-20.23868000
143.39999638	-13.79798000
143.59999637	7.35728300
143.79999637	36.79564000
143.99999636	17.47662000
144.19999636	-6.43762300
144.39999635	-29.43836000
144.59999635	-31.27768000
144.79999634	-13.79798000
144.99999634	0.91966040
145.19999633	11.03900000
145.39999633	0.00000000
145.59999632	0.91966040
145.79999632	-11.03900000
145.99999631	4.59830200
146.19999631	2.75898100
146.39999630	-7.35728300
146.59999630	-2.75898100
146.79999629	2.75898100
146.99999629	11.03900000
147.19999628	6.43762300
147.39999628	11.95866000
147.59999627	2.75898100
147.79999627	2.75898100
147.99999626	-1.83932100
148.19999626	4.59830200
148.39999625	-8.27694300
148.59999625	-9.19660400
148.79999624	-4.59830200
148.99999624	8.27694300
149.19999623	8.27694300
149.39999623	1.83932100
149.59999622	-10.11934000
149.79999622	-14.71764000
149.99999621	-10.11934000
150.19999621	0.00000000
150.39999620	-2.75898100
150.59999620	2.75898100
150.79999619	-1.83932100
150.99999619	11.03900000
151.19999618	13.79798000
151.39999618	9.19660400
151.59999617	-4.59830200
151.79999617	-19.31594000
151.99999616	-11.95866000
152.19999616	-2.75898100
152.39999615	27.59596000
152.59999615	22.99766000
152.79999614	4.59830200
152.99999613	-19.31594000
153.19999613	-25.75664000
153.39999612	-12.87832000
153.59999612	0.91966040
153.79999611	16.55696000
153.99999611	4.59830200
154.19999610	-5.51796200
154.39999610	-15.63730000
154.59999609	-10.11934000
154.79999609	6.43762300
154.99999608	9.19660400
155.19999608	11.95866000
155.39999607	0.91966040
155.59999607	0.91966040
155.79999606	-10.11934000
155.99999606	1.83932100
156.19999605	7.35728300
156.39999605	16.55696000
156.59999604	11.03900000
156.79999604	0.91966040
156.99999603	-8.27694300
157.19999603	-12.87832000
157.39999602	-4.59830200
157.59999602	-1.83932100
157.79999601	-6.43762300
157.99999601	-4.59830200
158.19999600	-6.43762300
158.39999600	8.27694300
158.59999599	4.59830200
158.79999599	4.59830200
158.99999598	-25.75664000
159.19999598	-29.43836000
159.39999597	-11.03900000
159.59999597	15.63730000
159.79999596	47.83464000
159.99999596	30.35802000
160.19999595	2.75898100
160.39999595	-35.87598000
160.59999594	-28.51562000
160.79999594	-10.11934000
160.99999593	24.83698000
161.19999593	37.71530000
161.39999592	8.27694300
161.59999592	-3.67864200
161.79999591	-15.63730000
161.99999591	-9.19660400
162.19999590	-4.59830200
162.39999590	-6.43762300
162.59999589	-4.59830200
162.79999589	-11.03900000
162.99999588	-2.75898100
163.19999588	3.67864200
163.39999587	7.35728300
163.59999587	-6.43762300
163.79999586	-13.79798000
163.99999586	-9.19660400
164.19999585	-0.91966040
164.39999585	5.51796200
164.59999584	11.03900000
164.79999584	7.35728300
164.99999583	5.51796200
165.19999583	5.51796200
165.39999582	4.59830200
165.59999582	1.83932100
165.79999581	1.83932100
165.99999581	-0.91966040
166.19999580	3.67864200
166.39999580	-3.67864200
166.59999579	-4.59830200
166.79999579	-5.51796200
166.99999578	5.51796200
167.19999578	10.11934000
167.39999577	0.91966040
167.59999577	-8.27694300
167.79999576	-27.59596000
167.99999576	-14.71764000
168.19999575	0.00000000
168.39999575	31.27768000
168.59999574	23.91732000
168.79999574	10.11934000
168.99999573	-15.63730000
169.19999573	-23.91732000
169.39999572	-6.43762300
169.59999572	8.27694300
169.79999571	29.43836000
169.99999571	11.95866000
170.19999570	-3.67864200
170.39999570	-10.11934000
170.59999569	-8.27694300
170.79999569	-1.83932100
170.99999568	-4.59830200
171.19999568	5.51796200
171.39999567	-8.27694300
171.59999567	-1.83932100
171.79999566	-11.03900000
171.99999565	1.83932100
172.19999565	4.59830200
172.39999564	0.00000000
172.59999564	0.00000000
172.79999563	0.91966040
172.99999563	0.00000000
173.19999562	-0.91966040
173.39999562	6.43762300
173.59999561	8.27694300
173.79999561	4.59830200
173.99999560	5.51796200
174.19999560	0.00000000
174.39999559	17.47662000
174.59999559	11.95866000
174.79999558	2.75898100
174.99999558	-20.23868000
175.19999557	-22.07800000
175.39999557	-13.79798000
175.59999556	3.67864200
175.79999556	40.47736000
175.99999555	17.47662000
176.19999555	-8.27694300
176.39999554	-50.59670000
176.59999554	-38.63496000
176.79999553	-11.95866000
176.99999553	22.99766000
177.19999552	35.87598000
177.39999552	12.87832000
177.59999551	-3.67864200
177.79999551	-24.83698000
177.99999550	-5.51796200
178.19999550	8.27694300
178.39999549	10.11934000
178.59999549	9.19660400
178.79999548	1.83932100
178.99999548	14.71764000
179.19999547	9.19660400
179.39999547	10.11934000
179.59999546	-6.43762300
179.79999546	-16.55696000
179.99999545	-17.47662000
180.19999545	-6.43762300
180.39999544	15.63730000
180.59999544	11.95866000
180.79999543	1.83932100
180.99999543	-12.87832000
181.19999542	-15.63730000
181.39999542	-7.35728300
181.59999541	-4.59830200
181.79999541	8.27694300
181.99999540	4.59830200
182.19999540	2.75898100
182.39999539	-5.51796200
182.59999539	-0.91966040
182.79999538	1.83932100
182.99999538	11.95866000
183.19999537	14.71764000
183.39999537	6.43762300
183.59999536	-3.67864200
183.79999536	-22.99766000
183.99999535	-10.11934000
184.19999535	1.83932100
184.39999534	22.99766000
184.59999534	16.55696000
184.79999533	4.59830200
184.99999533	-21.15834000
185.19999532	-30.35802000
185.39999532	-11.03900000
185.59999531	2.75898100
185.79999531	17.47662000
185.99999530	11.95866000
186.19999530	-1.83932100
186.39999529	-2.75898100
186.59999529	4.59830200
186.79999528	5.51796200
186.99999528	-0.91966040
187.19999527	2.75898100
187.39999527	-6.43762300
187.59999526	6.43762300
187.79999526	17.47662000
187.99999525	12.87832000
188.19999525	-3.67864200
188.39999524	-11.03900000
188.59999524	-11.95866000
188.79999523	-9.19660400
188.99999523	-0.91966040
189.19999522	3.67864200
189.39999522	-1.83932100
189.59999521	-2.75898100
189.79999521	-9.19660400
189.99999520	-4.59830200
190.19999520	-3.67864200
190.39999519	0.00000000
190.59999519	3.67864200
190.79999518	2.75898100
190.99999517	-4.59830200
191.19999517	-6.43762300
191.39999516	1.83932100
191.59999516	10.11934000
191.79999515	34.95632000
191.99999515	16.55696000
192.19999514	0.00000000
192.39999514	-26.67630000
192.59999513	-22.99766000
192.79999513	-4.59830200
192.99999512	21.15834000
193.19999512	31.27768000
193.39999511	6.43762300
193.59999511	-12.87832000
193.79999510	-33.11700000
193.99999510	-19.31594000
194.19999509	-0.91966040
194.39999509	0.91966040
194.59999508	3.67864200
194.79999508	-2.75898100
194.99999507	4.59830200
195.19999507	1.83932100
195.39999506	12.87832000
195.59999506	-0.91966040
195.79999505	-20.23868000
195.99999505	-9.19660400
196.19999504	4.59830200
196.39999504	24.83698000
196.59999503	22.07800000
196.79999503	13.79798000
196.99999502	-5.51796200
197.19999502	-16.55696000
197.39999501	-4.59830200
197.59999501	2.75898100
197.79999500	14.71764000
197.99999500	3.67864200
198.19999499	-2.75898100
198.39999499	-9.19660400
198.59999498	-12.87832000
198.79999498	-2.75898100
198.99999497	5.51796200
199.19999497	10.11934000
199.39999496	-1.83932100
199.59999496	-4.59830200
199.79999495	-15.63730000
199.99999495	-2.75898100
200.19999494	3.67864200
200.39999494	26.67630000
200.59999493	21.15834000
